0.0002015548 0.0792895822 -0.0297216093 -0.1646340251 -0.0828751632 -0.1399294695 0.0456416089 0.2192656533 -0.1178261906 -0.0627788428 0.1578157477 0.2266734821 -0.0562181226 -0.2746055179 -0.0260765508 0.0569760947 -0.1964169744 -0.0915153092 -0.3855605470 -0.1675970466 -0.3202686418 -0.0167849338 -0.1101681075 0.0630025655 0.0839119268 -0.0294290119 -0.3421555326 0.0314954282 0.0764208188 0.2782547954 -0.2843465011 0.2824208563
-0.1603257106 -0.2248697273 0.1420692287 -0.1991045398 0.0602589671 0.1138506800 -0.1858394885 0.0395565438 -0.0028758320 0.0165906694 -0.2603246802 -0.1450106120 0.2808744133 -0.3613798541 0.0589777856 0.0936072862 -0.2504122023 0.2977480766 0.1451573033 -0.1905317389 -0.1828183340 -0.1410392681 0.1095736822 -0.1775759563 0.2003162648 -0.1674423221 0.0935783454 -0.2997744735 0.1265813178 0.0122506298 0.0025462067 -0.1088567046
-0.0949158194 -0.0581213515 0.1482542551 0.1890038376 -0.2429076260 -0.1565276432 0.2412635290 -0.2315765020 -0.0883857829 -0.0346942023 0.2110080031 0.2595348599 -0.1812977759 -0.2015581205 -0.0297648367 0.1449197363 0.1153655025 0.1413161632 0.1736003937 -0.1266053527 -0.1639494954 -0.3541043045 0.0147415680 -0.3078657258 -0.0209997892 -0.1587821704 0.0992199918 0.3494470021 -0.0573110852 -0.0150096092 0.1014528900 -0.1419969790
-0.2115067365 0.0784980543 -0.2648349970 -0.3727108935 -0.0517463962 -0.0828519135 -0.0892243572 0.3281881028 -0.3031617365 0.1564780233 0.1578488587 0.1035363615 -0.1248818504 0.1126455744 -0.0758593194 0.2494026737 -0.0092104289 0.1119287992 -0.0754570684 -0.0559190815 0.1242993577 0.0778282836 0.2935065724 0.0318687601 -0.1049660104 -0.2359528492 0.2835349123 0.0005100242 -0.2182110597 -0.1476661410 0.1358815549 0.0387320681
-0.2860896271 0.1825533220 -0.0905875427 0.1424905085 0.0409749639 -0.2482361007 0.3230307835 0.2565356129 -0.0128370587 0.1755761284 0.0800762923 -0.1046481069 -0.0444819206 0.0169673816 0.0447154752 -0.0823462823 -0.1294439274 -0.2812809813 0.2439726710 0.0103134169 0.1981934574 -0.2379824439 -0.1765692219 0.0271856529 0.0752745733 -0.1044148389 0.1251406514 -0.3125203066 0.2318985111 0.2880594268 0.0246442532 -0.1134001478
-0.1727082683 0.0784921052 0.2718953575 -0.3317920130 0.0711879388 -0.1142313265 -0.3228990605 0.0885887108 -0.0169745561 -0.0042703446 -0.1932146798 0.1198466908 -0.0689000802 0.0622893393 -0.3403744900 -0.1807730986 0.0764533388 -0.0660210855 0.1270262948 -0.0216232184 -0.0243723303 -0.0082652967 -0.1963564992 -0.1423655620 -0.2500119330 0.1827677063 -0.1234606897 0.1386465476 -0.0251707321 0.3286073073 0.3084268939 -0.1421089557
0.1583477798 -0.0272330334 0.0797631126 0.1535828492 0.1487570977 0.1228628123 -0.0748819119 0.2666569531 -0.2040357983 0.2776279461 0.2763793669 0.1132585594 0.4004455674 0.1015420838 -0.2112365142 -0.0326186124 0.2905333451 -0.2312625130 0.0310718969 -0.0087486879 -0.3463438972 -0.0313067959 0.1448214748 -0.0326491994 0.1710108928 0.0784425164 0.0014677645 0.0023677555 0.0903635864 -0.0866359957 -0.0331118251 -0.2682222908
-0.0100598741 0.1072365503 -0.1473098866 -0.1033269021 -0.2220750065 -0.0920391081 0.0110425716 -0.1712037458 0.0100899203 0.0662578354 0.3645036656 -0.2311032706 0.1877893950 -0.1072407659 0.0546197312 -0.2962202024 -0.2042442444 -0.0126215107 -0.2174976493 0.0866206545 0.1127385791 0.2455743021 0.1701317061 -0.4677843120 -0.0440000465 0.0482836980 -0.1531590410 0.0035624996 0.1614775629 -0.0156981957 0.2261313538 -0.1337198446
0.1852456161 0.0536514276 0.0107444255 0.0077609293 -0.0169824869 0.1523258369 0.0933536782 0.0236014937 -0.2266274635 0.1736166449 -0.1173530342 0.0170487472 -0.1024114274 -0.0669378985 0.0539743231 -0.2677531482 0.3409825589 0.3701510951 -0.2687878894 0.2130209635 0.0869866453 -0.3122112643 0.1244247709 -0.0812754982 -0.3063263917 -0.0263120309 -0.0045093003 -0.2767666781 0.0483235222 0.2260594181 -0.1482653469 -0.0110897129
-0.0909747402 -0.1091475222 -0.3361897101 0.3367944485 0.1075889992 0.1493392497 0.0041287201 0.0233763123 0.0204895997 0.0659755733 0.0407001659 -0.0520239470 0.2049033165 0.1503198858 -0.1431857952 -0.1236268178 -0.2741567080 0.2791639400 0.0145698109 0.0036069867 -0.1576365871 0.0202303136 -0.0316510855 -0.0298233651 -0.0127020523 0.0595255312 0.1898223881 0.2128693315 -0.3120117216 0.4641302411 0.0630990227 0.1647507628
-0.1262589388 0.1450700985 0.3049507928 -0.1096009966 -0.0274419949 0.0345916237 0.0340438213 -0.1706282561 0.0887363170 0.4182857098 -0.1141201172 -0.2968913830 -0.0806321144 0.0324682423 -0.0861112545 0.0206039456 -0.0653491586 -0.1915380063 0.0578794104 0.3094245310 -0.1766189302 0.1052511344 0.1695222122 -0.0694083481 -0.0094658181 -0.3070522331 0.0440169385 0.2188246597 -0.1209923121 0.0881966679 -0.3571662041 0.1277766618
0.0478867393 -0.0514263051 0.0231181027 0.0566331816 -0.0692674868 -0.0153627064 0.0706153343 0.0251571202 0.1378285374 0.3892900926 0.0863215933 -0.0559828593 -0.2890084355 -0.0063256235 -0.3327239363 -0.3294078335 -0.1742229344 0.3280629724 0.0359239230 -0.3429891493 -0.0451461147 0.1001036493 -0.0912538789 0.3160145949 -0.0184677190 -0.0517483797 -0.1092321890 0.0053158575 0.1252789823 -0.2679199739 -0.0107001156 -0.1304824677
0.1822135026 0.2936199308 0.2458454368 -0.0975138617 0.1440993453 -0.0132126067 0.0289449091 -0.1629636284 -0.2499671040 -0.3762016550 0.2385665577 0.0666676672 0.1146539695 0.1813598496 -0.2781080115 -0.1285158819 -0.2100175859 0.2131949811 0.1461083002 0.1821017426 -0.0081256177 -0.0182673619 -0.0462008871 0.0947993126 0.0947732656 -0.2139342217 0.1972472424 -0.0692175681 0.2349575418 -0.0395746224 -0.0065083872 0.2149072059
0.4156638793 -0.0200308950 0.2497964408 -0.1209698587 0.0347143198 -0.3293709707 0.2181251281 0.1953388711 -0.1117344515 0.1562281277 -0.0184372129 -0.0790565183 0.0208298931 -0.1128193370 0.1791843201 0.0661768785 -0.1717199121 0.1180387779 0.0401811416 0.0141947587 -0.0324336771 0.1829255566 -0.2048525196 -0.1207781402 -0.0560503398 0.3865597053 0.3517091057 0.0270393459 -0.1981712342 -0.0220733387 -0.0802931929 -0.0415325546
-0.1235428977 0.1480638237 0.0131757780 0.1082623889 0.0046817045 -0.1795999471 0.0479296856 -0.0123046574 0.2307984497 -0.2683971569 -0.0353219290 -0.1545578675 -0.0187854934 -0.1504528912 -0.3401917147 -0.2061333412 0.2313385582 -0.1446903585 -0.2522588439 -0.1576024525 -0.1899172655 0.0067327729 0.0046713898 -0.1301011918 0.0198192402 -0.0280063687 0.2820885280 -0.3323762449 -0.3789687247 -0.1654959364 -0.0326166931 0.0725196376
0.0399673255 -0.0056886620 0.0244376361 0.0097541226 0.3877272141 -0.2333630156 -0.1926612187 -0.2723508764 -0.2403014272 0.2280777857 0.0750518188 -0.1783918076 -0.1352054564 0.0328351214 0.3406178691 -0.1495635405 0.1772573817 -0.0429267487 -0.0655100575 -0.2223669393 -0.1191510294 -0.0848744327 -0.0644611218 0.0396363267 0.2147683650 -0.1068204625 -0.0328377138 -0.0032305705 -0.0627944680 0.0203392443 0.3316481760 0.2992059305
-0.1838031875 -0.0293175159 -0.0036720288 0.2308573893 0.3863638650 -0.0872991162 -0.1160923093 -0.0463283405 -0.0921572080 -0.0565863425 0.0685396152 -0.1461000704 -0.0082163840 0.1291127151 0.0122192628 0.2658426966 -0.0855225176 0.0375396749 -0.1811888432 -0.1490160037 -0.0864699501 0.0830113928 -0.1921390121 -0.1960205936 -0.5457020416 -0.0726858992 0.0239407303 0.0087799846 0.2500545832 -0.1438235481 -0.2405710391 -0.1262939718
-0.0612131880 -0.2630465122 -0.1034360333 -0.1077158224 0.0104851310 -0.2402656053 0.1133999347 0.0983765492 -0.0128519062 -0.0419314827 0.0819174247 -0.1894946778 -0.0562485480 0.3175649390 -0.1276974510 0.0793082083 -0.0111417226 0.1706773439 0.2351025272 0.2606901032 -0.1784429456 -0.2223687583 -0.0167676505 -0.2011515884 0.0393331630 0.1505483435 -0.4530986536 -0.2019471028 -0.1730198632 -0.2131490001 -0.0589968896 0.1719611158
-0.2124156410 -0.1820529298 0.1913912486 -0.1251245452 0.1345418042 0.2567430761 0.2515859519 0.0840159542 -0.0800649508 -0.1788044194 0.0799419147 -0.0569815281 -0.1057064398 0.0237251721 0.1806266330 -0.3232556844 -0.2200667736 -0.2305992993 0.0105504545 -0.1054436942 -0.1485568055 -0.1999968357 0.3733633017 0.1264840695 -0.2437021279 0.2837699968 0.1026300705 0.1098191733 0.0161096420 -0.1157788264 0.0430561155 0.0993587809
-0.3694735150 -0.1124444331 0.1501790390 0.0132928016 -0.0397782202 -0.0334618764 0.1526103785 -0.3903596855 -0.0906909792 0.2148476960 0.1038871982 0.2570579646 0.1669235150 -0.0999698924 -0.0523468661 0.1892521316 -0.0339130269 0.0503405635 -0.1669145094 0.2752381006 -0.0939068264 0.1615718243 -0.0908779821 0.3151399802 -0.0796470565 0.2231092926 0.0183760429 -0.3096797104 -0.0653872647 -0.0097989716 0.1882799796 -0.0097266428
-0.1499376833 0.0798196295 -0.0885983098 -0.2924923558 0.2431557871 0.1082692065 -0.0071673187 -0.1811219270 0.1473006697 -0.0332742389 0.3067655587 -0.2151346866 -0.1736140372 -0.0232812207 -0.1120364730 0.1785693876 0.1790164289 0.1682109375 -0.0841099565 -0.0558057509 0.1344196366 -0.1376543874 0.0178905380 0.0272121424 0.3263200737 0.3840415833 0.1218364384 0.1120299627 0.0784014000 0.1779889833 -0.2656573316 -0.1932617529
0.0739788833 -0.2153060965 -0.3393342158 -0.2307074674 0.0699000513 -0.1229065659 -0.0754244295 0.0057652592 0.1084848516 -0.0891682913 0.0049727847 -0.0410177115 -0.0520381769 -0.1503768162 0.0731757679 -0.1931136260 -0.0284698839 -0.0773980713 -0.1097858627 0.4381745986 -0.3112090460 -0.1655915173 -0.2668849723 0.2014011117 -0.0398528046 -0.2001152876 0.2100407033 0.1784745899 0.0963622018 -0.1088434793 0.0631931767 -0.2739409700
0.1099947539 -0.1278445162 0.3000729892 0.2935158096 0.1336329337 0.0294052980 -0.3136029195 0.1641014612 0.0921938862 -0.0576175365 0.2282114404 0.0677030012 -0.4078734606 -0.0181112154 0.0188936183 0.0825851987 -0.3071496279 -0.0330621949 -0.1888536069 0.2501688368 0.0984417054 -0.0492476466 0.1608528653 -0.0302554524 0.1484348882 -0.0773910987 -0.0489700966 -0.1768311620 -0.1918784806 0.0983369939 0.1079867487 -0.2378777569
0.0487218881 -0.0259456200 -0.0630560072 -0.0016313850 -0.1310003301 -0.0926347544 -0.3524875234 -0.0295233202 0.4162402729 0.2359726324 0.1195629286 0.3073835631 -0.0324618044 0.1058949311 0.0428277121 -0.0087469782 -0.0383286365 -0.0393565695 0.0626776778 0.0294139731 -0.0647468356 -0.1880257519 0.0796346435 -0.1567254134 -0.0934215625 0.1949234181 0.3080804680 -0.1222225091 0.2949280907 -0.0635970844 -0.0737086659 0.3986462690
0.2546184255 -0.1636071099 -0.0362072847 -0.0771550934 0.2625334985 -0.3972616781 0.0908046171 -0.1174924762 0.2769266353 -0.0439504765 0.1124773582 0.0301654999 0.2068008171 -0.1707345502 -0.1155450680 0.0782398057 0.0562375084 -0.0188462536 0.1474622704 -0.0783147664 0.1331671226 0.0033527818 0.4402111919 0.2410627069 -0.2678600617 -0.1464689529 -0.1275840119 -0.0046380138 -0.0393028954 0.2349108040 -0.0059492298 -0.0384054564
0.1141874963 -0.0222810558 0.0510137177 0.0232793893 0.1202235478 -0.0183229328 0.3357411806 0.1024230605 0.1553762763 0.0695973122 -0.3216400665 -0.0951760187 -0.0265015969 0.1359998209 -0.2541435276 0.2764096188 -0.0438218756 0.0148679082 -0.4141868001 0.0585206046 -0.0321572653 -0.1083422007 0.1282621315 -0.0919797373 0.1461515546 0.0132829022 0.0423293349 0.1484289744 0.3193657314 -0.0186169688 0.4108164216 0.1111814898
0.1285084761 -0.2964640987 -0.1584152874 0.0175712823 -0.2594422106 -0.1760576098 -0.0615393141 -0.2896319798 -0.3393888753 -0.0942701433 -0.2147153797 -0.0327749672 -0.2541892850 0.2556229555 -0.1422630386 -0.0037830100 -0.0522024974 -0.1933442385 0.0096112510 -0.1318717222 -0.1580568253 0.1644677390 0.2102998698 -0.0086318187 0.0978939510 0.0817665856 0.1621156523 -0.1698817699 0.1839279180 0.2333342599 -0.1474995731 -0.1655012584
-0.0138971973 0.0856814475 0.2308761207 -0.1246640745 -0.2921041097 -0.0217186795 0.0429854587 0.0736386710 0.2938097499 -0.1098845808 0.1613109162 -0.1338628895 0.1017593182 0.4705220587 0.3451616868 0.0753941819 0.1133701423 0.1822231879 -0.1203208431 -0.1694211959 -0.2917016198 0.0146522042 -0.0281694452 0.1674107512 -0.0652188691 -0.1564646657 0.0267047853 -0.0929084089 -0.0149904838 0.2124046973 0.1007210985 -0.1863316058
0.1089210610 -0.2769535637 -0.0368558547 -0.1992462193 0.2200211116 0.3633939617 0.2968252891 0.0141873858 0.1557647816 0.0097804695 0.1765924718 0.1780374637 -0.2424621512 -0.0216900873 -0.0103203637 0.0091324913 0.1621485894 -0.0689977386 0.1653952499 -0.0296564012 -0.0858679266 0.3829040442 -0.1706714410 -0.2787617691 -0.0261606306 -0.2186905441 0.0410906586 -0.2060428915 0.0348778999 0.1479145087 0.0873774439 0.1068645772
0.1948279354 -0.3556573763 0.1163865354 -0.1342290387 -0.2241134800 0.1867465157 -0.0601311364 -0.1025106034 -0.0810056368 0.0876038516 0.2120639392 -0.2417158256 0.1844181583 0.0400348057 -0.2104507066 0.1126788563 -0.0782458600 -0.2594807210 -0.1592844712 -0.1619303363 0.3054405540 -0.3322791278 -0.3051777173 0.0547544780 -0.1256798129 -0.1193843431 0.0646505387 -0.0254030916 -0.1359577212 0.0263080922 0.0186838369 0.1234878840
0.3040612871 0.4706437709 -0.2493456048 -0.1057316052 0.0568148426 0.2488306204 0.0269166868 -0.2425526526 0.0277822664 0.1063844728 -0.0554239852 0.0127032928 -0.0974796445 -0.0153544066 -0.0155157497 0.2219965931 -0.2708900706 -0.1551421712 0.1285690198 -0.0990231618 -0.2577760375 -0.2257976375 0.0147997848 -0.0128808017 -0.1730007103 0.0855349315 -0.1073672996 -0.2051563108 -0.1808827973 -0.0304813925 0.1426119525 -0.1641694346
-0.0399391858 -0.0452280907 0.0062478366 -0.1799766282 0.2321856741 -0.0917475121 0.1409087012 -0.1732272915 0.0843902909 0.0938550376 -0.1682331184 0.4521285207 0.1707462842 0.3431282073 0.0844567436 -0.2263145096 -0.1996594426 -0.0378471072 -0.2249580355 -0.1171187641 0.1927194433 -0.1294055860 -0.0407396674 -0.1924390804 0.1780164405 -0.1298995034 -0.0303056124 0.0110427373 -0.2007089111 -0.1014616520 -0.2277714229 -0.2181320461
